frames=500  shape=(500, 512, 640)  bytes=327680000

idx     mean       std       min      max     T_mean(°C)
    0   12412.4     150.7    12293    13553     24.12
   20   12415.5     150.5    12293    13543     24.16
   40   12408.8     150.3    12284    13553     24.09
   60   12407.8     150.8    12284    13553     24.08
   80   12411.9     151.2    12293    13560     24.12
  100   12407.3     151.4    12270    13543     24.07
  120   12406.1     151.4    12284    13543     24.06
  140   12413.2     149.0    12293    13543     24.13
  160   12409.5     146.0    12293    13543     24.09
  180   12408.9     143.6    12284    13560     24.09
  200   12415.9     146.8    12293    13560     24.16
  220   12421.1     147.0    12306    13560     24.21
  240   12412.9     144.4    12293    13560     24.13
  260   12407.5     140.1    12284    13459     24.08
  280   12408.5     136.9    12293    13512     24.08
  300   12400.7     127.4    12284    13512     24.01
  320   12398.3     125.4    12284    13376     23.98
  340   12400.1     130.9    12284    13512     24.00
  360   12403.4     135.5    12284    13553     24.03
  380   12403.6     132.9    12284    13512     24.04
  400   12403.1     133.9    12284    13521     24.03
  420   12403.0     135.2    12284    13512     24.03
  440   12403.3     136.9    12284    13531     24.03
  460   12401.7     140.9    12270    13543     24.02
  480   12403.1     139.5    12270    13553     24.03

shutter-like jumps >200 count: 0

stable segments (len > 20): 1
  [   0.. 499)  len=499  mean= 12407.7  T= 24.08°C  temporal_noise= 21.70 count

NETD estimate (longest stable seg 0..499, 499 frames):
  temporal noise, mean over pixels:   21.70 count
  temporal noise, median:             6.22 count
  temporal noise, 90th percentile:    62.26 count
  noise в °C (div=100):               0.217 °C
